0.785398 640 480 0 0 0 0.984808 0 0.173648 0 -1 0 -180.987 240 -816.379
0.785398 640 480 0 0 0 0.939693 0 0.34202 0 -1 0 -36.4745 240 -835.404
0.785398 640 480 0 0 0 0.866025 0 0.5 0 -1 0 109.146 240 -829.046
0.785398 640 480 4.33013 0 2.5 0.866025 0 0.5 0 -1 0 109.146 240 -829.046
0.785398 640 480 8.66025 0 5 0.866025 0 0.5 0 -1 0 109.146 240 -829.046
0.785398 640 480 12.9904 0 7.5 0.866025 0 0.5 0 -1 0 109.146 240 -829.046
0.785398 640 480 17.3205 0 10 0.866025 0 0.5 0 -1 0 109.146 240 -829.046
0.785398 640 480 21.6506 0 12.5 0.866025 0 0.5 0 -1 0 109.146 240 -829.046
0.785398 640 480 25.9808 0 15 0.866025 0 0.5 0 -1 0 109.146 240 -829.046
0.785398 640 480 30.3109 0 17.5 0.866025 0 0.5 0 -1 0 109.146 240 -829.046
0.785398 640 480 34.641 0 20 0.866025 0 0.5 0 -1 0 109.146 240 -829.046
0.785398 640 480 38.9711 0 22.5 0.866025 0 0.5 0 -1 0 109.146 240 -829.046
0.785398 640 480 43.3013 0 25 0.866025 0 0.5 0 -1 0 109.146 240 -829.046
0.785398 640 480 47.6314 0 27.5 0.866025 0 0.5 0 -1 0 109.146 240 -829.046
0.785398 640 480 51.9615 0 30 0.866025 0 0.5 0 -1 0 109.146 240 -829.046
0.785398 640 480 56.2917 0 32.5 0.866025 0 0.5 0 -1 0 109.146 240 -829.046
0.785398 640 480 60.6218 0 35 0.866025 0 0.5 0 -1 0 109.146 240 -829.046
0.785398 640 480 64.9519 0 37.5 0.866025 0 0.5 0 -1 0 109.146 240 -829.046
0.785398 640 480 69.282 0 40 0.866025 0 0.5 0 -1 0 109.146 240 -829.046
0.785398 640 480 73.6122 0 42.5 0.866025 0 0.5 0 -1 0 109.146 240 -829.046
0.785398 640 480 77.9423 0 45 0.866025 0 0.5 0 -1 0 109.146 240 -829.046
0.785398 640 480 82.2724 0 47.5 0.866025 0 0.5 0 -1 0 109.146 240 -829.046
0.785398 640 480 86.6025 0 50 0.866025 0 0.5 0 -1 0 109.146 240 -829.046
0.785398 640 480 90.9327 0 52.5 0.866025 0 0.5 0 -1 0 109.146 240 -829.046
0.785398 640 480 95.2628 0 55 0.866025 0 0.5 0 -1 0 109.146 240 -829.046
0.785398 640 480 99.5929 0 57.5 0.866025 0 0.5 0 -1 0 109.146 240 -829.046
0.785398 640 480 103.923 0 60 0.866025 0 0.5 0 -1 0 109.146 240 -829.046
0.785398 640 480 108.253 0 62.5 0.866025 0 0.5 0 -1 0 109.146 240 -829.046
0.785398 640 480 112.583 0 65 0.866025 0 0.5 0 -1 0 109.146 240 -829.046
0.785398 640 480 116.913 0 67.5 0.866025 0 0.5 0 -1 0 109.146 240 -829.046
0.785398 640 480 121.244 0 70 0.866025 0 0.5 0 -1 0 109.146 240 -829.046
0.785398 640 480 125.574 0 72.5 0.866025 0 0.5 0 -1 0 109.146 240 -829.046
0.785398 640 480 129.904 0 75 0.866025 0 0.5 0 -1 0 109.146 240 -829.046
0.785398 640 480 134.234 0 77.5 0.866025 0 0.5 0 -1 0 109.146 240 -829.046
0.785398 640 480 138.564 0 80 0.866025 0 0.5 0 -1 0 109.146 240 -829.046
0.785398 640 480 142.894 0 82.5 0.866025 0 0.5 0 -1 0 109.146 240 -829.046
0.785398 640 480 147.224 0 85 0.866025 0 0.5 0 -1 0 109.146 240 -829.046
0.785398 640 480 151.554 0 87.5 0.866025 0 0.5 0 -1 0 109.146 240 -829.046
0.785398 640 480 155.885 0 90 0.866025 0 0.5 0 -1 0 109.146 240 -829.046
0.785398 640 480 160.215 0 92.5 0.866025 0 0.5 0 -1 0 109.146 240 -829.046
0.785398 640 480 164.545 0 95 0.866025 0 0.5 0 -1 0 109.146 240 -829.046
0.785398 640 480 168.875 0 97.5 0.866025 0 0.5 0 -1 0 109.146 240 -829.046
0.785398 640 480 173.205 0 100 0.866025 0 0.5 0 -1 0 109.146 240 -829.046
0.785398 640 480 177.535 0 102.5 0.866025 0 0.5 0 -1 0 109.146 240 -829.046
0.785398 640 480 181.865 0 105 0.866025 0 0.5 0 -1 0 109.146 240 -829.046
0.785398 640 480 186.195 0 107.5 0.866025 0 0.5 0 -1 0 109.146 240 -829.046
0.785398 640 480 190.526 0 110 0.866025 0 0.5 0 -1 0 109.146 240 -829.046
0.785398 640 480 194.856 0 112.5 0.866025 0 0.5 0 -1 0 109.146 240 -829.046
0.785398 640 480 199.186 0 115 0.866025 0 0.5 0 -1 0 109.146 240 -829.046
0.785398 640 480 203.516 0 117.5 0.866025 0 0.5 0 -1 0 109.146 240 -829.046
0.785398 640 480 207.846 0 120 0.866025 0 0.5 0 -1 0 109.146 240 -829.046
0.785398 640 480 212.176 0 122.5 0.866025 0 0.5 0 -1 0 109.146 240 -829.046
0.785398 640 480 216.506 0 125 0.866025 0 0.5 0 -1 0 109.146 240 -829.046
0.785398 640 480 220.836 0 127.5 0.866025 0 0.5 0 -1 0 109.146 240 -829.046
0.785398 640 480 225.167 0 130 0.866025 0 0.5 0 -1 0 109.146 240 -829.046
0.785398 640 480 229.497 0 132.5 0.866025 0 0.5 0 -1 0 109.146 240 -829.046
0.785398 640 480 233.827 0 135 0.866025 0 0.5 0 -1 0 109.146 240 -829.046
0.785398 640 480 238.157 0 137.5 0.866025 0 0.5 0 -1 0 109.146 240 -829.046
0.785398 640 480 242.487 0 140 0.866025 0 0.5 0 -1 0 109.146 240 -829.046
0.785398 640 480 246.817 0 142.5 0.866025 0 0.5 0 -1 0 109.146 240 -829.046
0.785398 640 480 251.147 0 145 0.866025 0 0.5 0 -1 0 109.146 240 -829.046
0.785398 640 480 255.477 0 147.5 0.866025 0 0.5 0 -1 0 109.146 240 -829.046
0.785398 640 480 259.807 0 150 0.866025 0 0.5 0 -1 0 109.146 240 -829.046
0.785398 640 480 264.138 0 152.5 0.866025 0 0.5 0 -1 0 109.146 240 -829.046
0.785398 640 480 268.468 0 155 0.866025 0 0.5 0 -1 0 109.146 240 -829.046
0.785398 640 480 272.798 0 157.5 0.866025 0 0.5 0 -1 0 109.146 240 -829.046
0.785398 640 480 277.128 0 160 0.866025 0 0.5 0 -1 0 109.146 240 -829.046
0.785398 640 480 281.458 0 162.5 0.866025 0 0.5 0 -1 0 109.146 240 -829.046
0.785398 640 480 285.788 0 165 0.866025 0 0.5 0 -1 0 109.146 240 -829.046
0.785398 640 480 290.118 0 167.5 0.866025 0 0.5 0 -1 0 109.146 240 -829.046
0.785398 640 480 294.449 0 170 0.866025 0 0.5 0 -1 0 109.146 240 -829.046
0.785398 640 480 298.779 0 172.5 0.866025 0 0.5 0 -1 0 109.146 240 -829.046
0.785398 640 480 303.109 0 175 0.866025 0 0.5 0 -1 0 109.146 240 -829.046
0.785398 640 480 307.439 0 177.5 0.866025 0 0.5 0 -1 0 109.146 240 -829.046
0.785398 640 480 311.769 0 180 0.866025 0 0.5 0 -1 0 109.146 240 -829.046
0.785398 640 480 316.099 0 182.5 0.866025 0 0.5 0 -1 0 109.146 240 -829.046
0.785398 640 480 320.429 0 185 0.866025 0 0.5 0 -1 0 109.146 240 -829.046
0.785398 640 480 324.76 0 187.5 0.866025 0 0.5 0 -1 0 109.146 240 -829.046
0.785398 640 480 329.09 0 190 0.866025 0 0.5 0 -1 0 109.146 240 -829.046
0.785398 640 480 333.42 0 192.5 0.866025 0 0.5 0 -1 0 109.146 240 -829.046
0.785398 640 480 337.75 0 195 0.866025 0 0.5 0 -1 0 109.146 240 -829.046
0.785398 640 480 342.08 0 197.5 0.866025 0 0.5 0 -1 0 109.146 240 -829.046
0.785398 640 480 346.41 0 200 0.866025 0 0.5 0 -1 0 109.146 240 -829.046
0.785398 640 480 350.74 0 202.5 0.866025 0 0.5 0 -1 0 109.146 240 -829.046
0.785398 640 480 355.071 0 205 0.866025 0 0.5 0 -1 0 109.146 240 -829.046
0.785398 640 480 359.401 0 207.5 0.866025 0 0.5 0 -1 0 109.146 240 -829.046
0.785398 640 480 363.731 0 210 0.866025 0 0.5 0 -1 0 109.146 240 -829.046
0.785398 640 480 368.061 0 212.5 0.866025 0 0.5 0 -1 0 109.146 240 -829.046
0.785398 640 480 372.391 0 215 0.866025 0 0.5 0 -1 0 109.146 240 -829.046
0.785398 640 480 376.721 0 217.5 0.866025 0 0.5 0 -1 0 109.146 240 -829.046
0.785398 640 480 381.051 0 220 0.866025 0 0.5 0 -1 0 109.146 240 -829.046
0.785398 640 480 385.382 0 222.5 0.866025 0 0.5 0 -1 0 109.146 240 -829.046
0.785398 640 480 389.712 0 225 0.866025 0 0.5 0 -1 0 109.146 240 -829.046
0.785398 640 480 394.042 0 227.5 0.866025 0 0.5 0 -1 0 109.146 240 -829.046
0.785398 640 480 398.372 0 230 0.866025 0 0.5 0 -1 0 109.146 240 -829.046
0.785398 640 480 402.702 0 232.5 0.866025 0 0.5 0 -1 0 109.146 240 -829.046
0.785398 640 480 407.032 0 235 0.866025 0 0.5 0 -1 0 109.146 240 -829.046
0.785398 640 480 411.362 0 237.5 0.866025 0 0.5 0 -1 0 109.146 240 -829.046
0.785398 640 480 415.693 0 240 0.866025 0 0.5 0 -1 0 109.146 240 -829.046
0.785398 640 480 420.023 0 242.5 0.866025 0 0.5 0 -1 0 109.146 240 -829.046
0.785398 640 480 424.353 0 245 0.866025 0 0.5 0 -1 0 109.146 240 -829.046
0.785398 640 480 428.683 0 247.5 0.866025 0 0.5 0 -1 0 109.146 240 -829.046
0.785398 640 480 433.013 0 250 0.866025 0 0.5 0 -1 0 109.146 240 -829.046
0.785398 640 480 437.343 0 252.5 0.866025 0 0.5 0 -1 0 109.146 240 -829.046
0.785398 640 480 441.673 0 255 0.866025 0 0.5 0 -1 0 109.146 240 -829.046
0.785398 640 480 446.003 0 257.5 0.866025 0 0.5 0 -1 0 109.146 240 -829.046
0.785398 640 480 450.334 0 260 0.866025 0 0.5 0 -1 0 109.146 240 -829.046
0.785398 640 480 454.664 0 262.5 0.866025 0 0.5 0 -1 0 109.146 240 -829.046
0.785398 640 480 458.994 0 265 0.866025 0 0.5 0 -1 0 109.146 240 -829.046
0.785398 640 480 463.324 0 267.5 0.866025 0 0.5 0 -1 0 109.146 240 -829.046
0.785398 640 480 467.654 0 270 0.866025 0 0.5 0 -1 0 109.146 240 -829.046
0.785398 640 480 471.984 0 272.5 0.866025 0 0.5 0 -1 0 109.146 240 -829.046
0.785398 640 480 476.314 0 275 0.866025 0 0.5 0 -1 0 109.146 240 -829.046
0.785398 640 480 480.645 0 277.5 0.866025 0 0.5 0 -1 0 109.146 240 -829.046
0.785398 640 480 484.975 0 280 0.866025 0 0.5 0 -1 0 109.146 240 -829.046
0.785398 640 480 489.305 0 282.5 0.866025 0 0.5 0 -1 0 109.146 240 -829.046
0.785398 640 480 493.635 0 285 0.866025 0 0.5 0 -1 0 109.146 240 -829.046
0.785398 640 480 497.965 0 287.5 0.866025 0 0.5 0 -1 0 109.146 240 -829.046
0.785398 640 480 502.295 0 290 0.866025 0 0.5 0 -1 0 109.146 240 -829.046
0.785398 640 480 506.625 0 292.5 0.866025 0 0.5 0 -1 0 109.146 240 -829.046
0.785398 640 480 510.956 0 295 0.866025 0 0.5 0 -1 0 109.146 240 -829.046
0.785398 640 480 515.286 0 297.5 0.866025 0 0.5 0 -1 0 109.146 240 -829.046
0.785398 640 480 519.616 0 300 0.866025 0 0.5 0 -1 0 109.146 240 -829.046
0.785398 640 480 523.946 0 302.5 0.866025 0 0.5 0 -1 0 109.146 240 -829.046
0.785398 640 480 528.276 0 305 0.866025 0 0.5 0 -1 0 109.146 240 -829.046
0.785398 640 480 532.606 0 307.5 0.866025 0 0.5 0 -1 0 109.146 240 -829.046
0.785398 640 480 536.936 0 310 0.866025 0 0.5 0 -1 0 109.146 240 -829.046
0.785398 640 480 541.267 0 312.5 0.866025 0 0.5 0 -1 0 109.146 240 -829.046
0.785398 640 480 545.597 0 315 0.866025 0 0.5 0 -1 0 109.146 240 -829.046
0.785398 640 480 549.927 0 317.5 0.866025 0 0.5 0 -1 0 109.146 240 -829.046
0.785398 640 480 554.257 0 320 0.866025 0 0.5 0 -1 0 109.146 240 -829.046
0.785398 640 480 558.587 0 322.5 0.866025 0 0.5 0 -1 0 109.146 240 -829.046
0.785398 640 480 562.917 0 325 0.866025 0 0.5 0 -1 0 109.146 240 -829.046
0.785398 640 480 567.247 0 327.5 0.866025 0 0.5 0 -1 0 109.146 240 -829.046
0.785398 640 480 571.578 0 330 0.866025 0 0.5 0 -1 0 109.146 240 -829.046
0.785398 640 480 575.908 0 332.5 0.866025 0 0.5 0 -1 0 109.146 240 -829.046
0.785398 640 480 580.238 0 335 0.866025 0 0.5 0 -1 0 109.146 240 -829.046
0.785398 640 480 584.568 0 337.5 0.866025 0 0.5 0 -1 0 109.146 240 -829.046
0.785398 640 480 588.898 0 340 0.866025 0 0.5 0 -1 0 109.146 240 -829.046
0.785398 640 480 593.228 0 342.5 0.866025 0 0.5 0 -1 0 109.146 240 -829.046
0.785398 640 480 597.558 0 345 0.866025 0 0.5 0 -1 0 109.146 240 -829.046
0.785398 640 480 601.888 0 347.5 0.866025 0 0.5 0 -1 0 109.146 240 -829.046
0.785398 640 480 606.219 0 350 0.866025 0 0.5 0 -1 0 109.146 240 -829.046
0.785398 640 480 610.549 0 352.5 0.866025 0 0.5 0 -1 0 109.146 240 -829.046
0.785398 640 480 614.879 0 355 0.866025 0 0.5 0 -1 0 109.146 240 -829.046
0.785398 640 480 619.209 0 357.5 0.866025 0 0.5 0 -1 0 109.146 240 -829.046
0.785398 640 480 623.539 0 360 0.866025 0 0.5 0 -1 0 109.146 240 -829.046
0.785398 640 480 627.869 0 362.5 0.866025 0 0.5 0 -1 0 109.146 240 -829.046
0.785398 640 480 632.199 0 365 0.866025 0 0.5 0 -1 0 109.146 240 -829.046
0.785398 640 480 636.53 0 367.5 0.866025 0 0.5 0 -1 0 109.146 240 -829.046
0.785398 640 480 640.86 0 370 0.866025 0 0.5 0 -1 0 109.146 240 -829.046
0.785398 640 480 636.53 0 367.5 0.866025 0 0.5 0 -1 0 109.146 240 -829.046
0.785398 640 480 632.199 0 365 0.866025 0 0.5 0 -1 0 109.146 240 -829.046
0.785398 640 480 627.869 0 362.5 0.866025 0 0.5 0 -1 0 109.146 240 -829.046
0.785398 640 480 623.539 0 360 0.866025 0 0.5 0 -1 0 109.146 240 -829.046
0.785398 640 480 619.209 0 357.5 0.866025 0 0.5 0 -1 0 109.146 240 -829.046
0.785398 640 480 614.879 0 355 0.866025 0 0.5 0 -1 0 109.146 240 -829.046
0.785398 640 480 610.549 0 352.5 0.866025 0 0.5 0 -1 0 109.146 240 -829.046
0.785398 640 480 606.219 0 350 0.866025 0 0.5 0 -1 0 109.146 240 -829.046
0.785398 640 480 601.888 0 347.5 0.866025 0 0.5 0 -1 0 109.146 240 -829.046
0.785398 640 480 597.558 0 345 0.866025 0 0.5 0 -1 0 109.146 240 -829.046
0.785398 640 480 593.228 0 342.5 0.866025 0 0.5 0 -1 0 109.146 240 -829.046
0.785398 640 480 588.898 0 340 0.866025 0 0.5 0 -1 0 109.146 240 -829.046
0.785398 640 480 584.568 0 337.5 0.866025 0 0.5 0 -1 0 109.146 240 -829.046
0.785398 640 480 580.238 0 335 0.866025 0 0.5 0 -1 0 109.146 240 -829.046
0.785398 640 480 575.908 0 332.5 0.866025 0 0.5 0 -1 0 109.146 240 -829.046
0.785398 640 480 571.578 0 330 0.866025 0 0.5 0 -1 0 109.146 240 -829.046
0.785398 640 480 567.247 0 327.5 0.866025 0 0.5 0 -1 0 109.146 240 -829.046
0.785398 640 480 562.917 0 325 0.866025 0 0.5 0 -1 0 109.146 240 -829.046
0.785398 640 480 558.587 0 322.5 0.866025 0 0.5 0 -1 0 109.146 240 -829.046
0.785398 640 480 554.257 0 320 0.866025 0 0.5 0 -1 0 109.146 240 -829.046
0.785398 640 480 549.927 0 317.5 0.866025 0 0.5 0 -1 0 109.146 240 -829.046
0.785398 640 480 545.597 0 315 0.866025 0 0.5 0 -1 0 109.146 240 -829.046
0.785398 640 480 541.267 0 312.5 0.866025 0 0.5 0 -1 0 109.146 240 -829.046
0.785398 640 480 536.936 0 310 0.866025 0 0.5 0 -1 0 109.146 240 -829.046
0.785398 640 480 532.606 0 307.5 0.866025 0 0.5 0 -1 0 109.146 240 -829.046
0.785398 640 480 528.276 0 305 0.866025 0 0.5 0 -1 0 109.146 240 -829.046
0.785398 640 480 523.946 0 302.5 0.866025 0 0.5 0 -1 0 109.146 240 -829.046
0.785398 640 480 519.616 0 300 0.866025 0 0.5 0 -1 0 109.146 240 -829.046
0.785398 640 480 515.286 0 297.5 0.866025 0 0.5 0 -1 0 109.146 240 -829.046
0.785398 640 480 510.956 0 295 0.866025 0 0.5 0 -1 0 109.146 240 -829.046
0.785398 640 480 506.625 0 292.5 0.866025 0 0.5 0 -1 0 109.146 240 -829.046
0.785398 640 480 502.295 0 290 0.866025 0 0.5 0 -1 0 109.146 240 -829.046
0.785398 640 480 497.965 0 287.5 0.866025 0 0.5 0 -1 0 109.146 240 -829.046
0.785398 640 480 493.635 0 285 0.866025 0 0.5 0 -1 0 109.146 240 -829.046
0.785398 640 480 489.305 0 282.5 0.866025 0 0.5 0 -1 0 109.146 240 -829.046
0.785398 640 480 484.975 0 280 0.866025 0 0.5 0 -1 0 109.146 240 -829.046
0.785398 640 480 480.645 0 277.5 0.866025 0 0.5 0 -1 0 109.146 240 -829.046
0.785398 640 480 476.314 0 275 0.866025 0 0.5 0 -1 0 109.146 240 -829.046
0.785398 640 480 471.984 0 272.5 0.866025 0 0.5 0 -1 0 109.146 240 -829.046
0.785398 640 480 467.654 0 270 0.866025 0 0.5 0 -1 0 109.146 240 -829.046
0.785398 640 480 463.324 0 267.5 0.866025 0 0.5 0 -1 0 109.146 240 -829.046
0.785398 640 480 458.994 0 265 0.866025 0 0.5 0 -1 0 109.146 240 -829.046
0.785398 640 480 454.664 0 262.5 0.866025 0 0.5 0 -1 0 109.146 240 -829.046
0.785398 640 480 450.334 0 260 0.866025 0 0.5 0 -1 0 109.146 240 -829.046
0.785398 640 480 446.003 0 257.5 0.866025 0 0.5 0 -1 0 109.146 240 -829.046
0.785398 640 480 441.673 0 255 0.866025 0 0.5 0 -1 0 109.146 240 -829.046
0.785398 640 480 437.343 0 252.5 0.866025 0 0.5 0 -1 0 109.146 240 -829.046
0.785398 640 480 433.013 0 250 0.866025 0 0.5 0 -1 0 109.146 240 -829.046
0.785398 640 480 428.683 0 247.5 0.866025 0 0.5 0 -1 0 109.146 240 -829.046
0.785398 640 480 424.353 0 245 0.866025 0 0.5 0 -1 0 109.146 240 -829.046
0.785398 640 480 420.023 0 242.5 0.866025 0 0.5 0 -1 0 109.146 240 -829.046
0.785398 640 480 415.693 0 240 0.866025 0 0.5 0 -1 0 109.146 240 -829.046
0.785398 640 480 411.362 0 237.5 0.866025 0 0.5 0 -1 0 109.146 240 -829.046
0.785398 640 480 407.032 0 235 0.866025 0 0.5 0 -1 0 109.146 240 -829.046
0.785398 640 480 402.702 0 232.5 0.866025 0 0.5 0 -1 0 109.146 240 -829.046
0.785398 640 480 398.372 0 230 0.866025 0 0.5 0 -1 0 109.146 240 -829.046
0.785398 640 480 394.042 0 227.5 0.866025 0 0.5 0 -1 0 109.146 240 -829.046
0.785398 640 480 389.712 0 225 0.866025 0 0.5 0 -1 0 109.146 240 -829.046
0.785398 640 480 385.382 0 222.5 0.866025 0 0.5 0 -1 0 109.146 240 -829.046
0.785398 640 480 381.051 0 220 0.866025 0 0.5 0 -1 0 109.146 240 -829.046
0.785398 640 480 376.721 0 217.5 0.866025 0 0.5 0 -1 0 109.146 240 -829.046
0.785398 640 480 372.391 0 215 0.866025 0 0.5 0 -1 0 109.146 240 -829.046
0.785398 640 480 368.061 0 212.5 0.866025 0 0.5 0 -1 0 109.146 240 -829.046
0.785398 640 480 363.731 0 210 0.866025 0 0.5 0 -1 0 109.146 240 -829.046
0.785398 640 480 359.401 0 207.5 0.866025 0 0.5 0 -1 0 109.146 240 -829.046
0.785398 640 480 355.071 0 205 0.866025 0 0.5 0 -1 0 109.146 240 -829.046
0.785398 640 480 350.74 0 202.5 0.866025 0 0.5 0 -1 0 109.146 240 -829.046
0.785398 640 480 346.41 0 200 0.866025 0 0.5 0 -1 0 109.146 240 -829.046
0.785398 640 480 342.08 0 197.5 0.866025 0 0.5 0 -1 0 109.146 240 -829.046
0.785398 640 480 337.75 0 195 0.866025 0 0.5 0 -1 0 109.146 240 -829.046
0.785398 640 480 333.42 0 192.5 0.866025 0 0.5 0 -1 0 109.146 240 -829.046
0.785398 640 480 329.09 0 190 0.866025 0 0.5 0 -1 0 109.146 240 -829.046
0.785398 640 480 324.76 0 187.5 0.866025 0 0.5 0 -1 0 109.146 240 -829.046
0.785398 640 480 320.429 0 185 0.866025 0 0.5 0 -1 0 109.146 240 -829.046
0.785398 640 480 316.099 0 182.5 0.866025 0 0.5 0 -1 0 109.146 240 -829.046
0.785398 640 480 311.769 0 180 0.866025 0 0.5 0 -1 0 109.146 240 -829.046
0.785398 640 480 307.439 0 177.5 0.866025 0 0.5 0 -1 0 109.146 240 -829.046
0.785398 640 480 303.109 0 175 0.866025 0 0.5 0 -1 0 109.146 240 -829.046
0.785398 640 480 298.779 0 172.5 0.866025 0 0.5 0 -1 0 109.146 240 -829.046
0.785398 640 480 294.449 0 170 0.866025 0 0.5 0 -1 0 109.146 240 -829.046
0.785398 640 480 290.118 0 167.5 0.866025 0 0.5 0 -1 0 109.146 240 -829.046
0.785398 640 480 285.788 0 165 0.866025 0 0.5 0 -1 0 109.146 240 -829.046
0.785398 640 480 281.458 0 162.5 0.866025 0 0.5 0 -1 0 109.146 240 -829.046
0.785398 640 480 277.128 0 160 0.866025 0 0.5 0 -1 0 109.146 240 -829.046
0.785398 640 480 272.798 0 157.5 0.866025 0 0.5 0 -1 0 109.146 240 -829.046
0.785398 640 480 268.468 0 155 0.866025 0 0.5 0 -1 0 109.146 240 -829.046
0.785398 640 480 264.138 0 152.5 0.866025 0 0.5 0 -1 0 109.146 240 -829.046
0.785398 640 480 259.807 0 150 0.866025 0 0.5 0 -1 0 109.146 240 -829.046
0.785398 640 480 255.477 0 147.5 0.866025 0 0.5 0 -1 0 109.146 240 -829.046
0.785398 640 480 251.147 0 145 0.866025 0 0.5 0 -1 0 109.146 240 -829.046
0.785398 640 480 246.817 0 142.5 0.866025 0 0.5 0 -1 0 109.146 240 -829.046
0.785398 640 480 242.487 0 140 0.866025 0 0.5 0 -1 0 109.146 240 -829.046
0.785398 640 480 238.157 0 137.5 0.866025 0 0.5 0 -1 0 109.146 240 -829.046
0.785398 640 480 233.827 0 135 0.866025 0 0.5 0 -1 0 109.146 240 -829.046
0.785398 640 480 229.497 0 132.5 0.866025 0 0.5 0 -1 0 109.146 240 -829.046
0.785398 640 480 225.167 0 130 0.866025 0 0.5 0 -1 0 109.146 240 -829.046
0.785398 640 480 220.836 0 127.5 0.866025 0 0.5 0 -1 0 109.146 240 -829.046
0.785398 640 480 216.506 0 125 0.866025 0 0.5 0 -1 0 109.146 240 -829.046
0.785398 640 480 212.176 0 122.5 0.866025 0 0.5 0 -1 0 109.146 240 -829.046
0.785398 640 480 207.846 0 120 0.866025 0 0.5 0 -1 0 109.146 240 -829.046
0.785398 640 480 203.516 0 117.5 0.866025 0 0.5 0 -1 0 109.146 240 -829.046
0.785398 640 480 199.186 0 115 0.866025 0 0.5 0 -1 0 109.146 240 -829.046
0.785398 640 480 194.856 0 112.5 0.866025 0 0.5 0 -1 0 109.146 240 -829.046
0.785398 640 480 190.526 0 110 0.866025 0 0.5 0 -1 0 109.146 240 -829.046
0.785398 640 480 186.195 0 107.5 0.866025 0 0.5 0 -1 0 109.146 240 -829.046
0.785398 640 480 181.865 0 105 0.866025 0 0.5 0 -1 0 109.146 240 -829.046
0.785398 640 480 177.535 0 102.5 0.866025 0 0.5 0 -1 0 109.146 240 -829.046
0.785398 640 480 173.205 0 100 0.866025 0 0.5 0 -1 0 109.146 240 -829.046
0.785398 640 480 168.875 0 97.5 0.866025 0 0.5 0 -1 0 109.146 240 -829.046
0.785398 640 480 164.545 0 95 0.866025 0 0.5 0 -1 0 109.146 240 -829.046
0.785398 640 480 160.215 0 92.5 0.866025 0 0.5 0 -1 0 109.146 240 -829.046
0.785398 640 480 155.885 0 90 0.866025 0 0.5 0 -1 0 109.146 240 -829.046
0.785398 640 480 151.554 0 87.5 0.866025 0 0.5 0 -1 0 109.146 240 -829.046
0.785398 640 480 147.224 0 85 0.866025 0 0.5 0 -1 0 109.146 240 -829.046
0.785398 640 480 142.894 0 82.5 0.866025 0 0.5 0 -1 0 109.146 240 -829.046
0.785398 640 480 138.564 0 80 0.866025 0 0.5 0 -1 0 109.146 240 -829.046
0.785398 640 480 134.234 0 77.5 0.866025 0 0.5 0 -1 0 109.146 240 -829.046
0.785398 640 480 129.904 0 75 0.866025 0 0.5 0 -1 0 109.146 240 -829.046
0.785398 640 480 125.574 0 72.5 0.866025 0 0.5 0 -1 0 109.146 240 -829.046
0.785398 640 480 121.244 0 70 0.866025 0 0.5 0 -1 0 109.146 240 -829.046
0.785398 640 480 116.913 0 67.5 0.866025 0 0.5 0 -1 0 109.146 240 -829.046
0.785398 640 480 112.583 0 65 0.866025 0 0.5 0 -1 0 109.146 240 -829.046
0.785398 640 480 108.253 0 62.5 0.866025 0 0.5 0 -1 0 109.146 240 -829.046
0.785398 640 480 103.923 0 60 0.866025 0 0.5 0 -1 0 109.146 240 -829.046
0.785398 640 480 99.5929 0 57.5 0.866025 0 0.5 0 -1 0 109.146 240 -829.046
0.785398 640 480 95.2628 0 55 0.866025 0 0.5 0 -1 0 109.146 240 -829.046
0.785398 640 480 90.9327 0 52.5 0.866025 0 0.5 0 -1 0 109.146 240 -829.046
0.785398 640 480 86.6025 0 50 0.866025 0 0.5 0 -1 0 109.146 240 -829.046
0.785398 640 480 82.2724 0 47.5 0.866025 0 0.5 0 -1 0 109.146 240 -829.046
0.785398 640 480 77.9423 0 45 0.866025 0 0.5 0 -1 0 109.146 240 -829.046
0.785398 640 480 73.6122 0 42.5 0.866025 0 0.5 0 -1 0 109.146 240 -829.046
0.785398 640 480 69.282 0 40 0.866025 0 0.5 0 -1 0 109.146 240 -829.046
0.785398 640 480 64.9519 0 37.5 0.866025 0 0.5 0 -1 0 109.146 240 -829.046
0.785398 640 480 60.6218 0 35 0.866025 0 0.5 0 -1 0 109.146 240 -829.046
0.785398 640 480 56.2917 0 32.5 0.866025 0 0.5 0 -1 0 109.146 240 -829.046
0.785398 640 480 51.9615 0 30 0.866025 0 0.5 0 -1 0 109.146 240 -829.046
0.785398 640 480 47.6314 0 27.5 0.866025 0 0.5 0 -1 0 109.146 240 -829.046
0.785398 640 480 43.3013 0 25 0.866025 0 0.5 0 -1 0 109.146 240 -829.046
0.785398 640 480 38.9712 0 22.5 0.866025 0 0.5 0 -1 0 109.146 240 -829.046
0.785398 640 480 34.641 0 20 0.866025 0 0.5 0 -1 0 109.146 240 -829.046
0.785398 640 480 30.3109 0 17.5 0.866025 0 0.5 0 -1 0 109.146 240 -829.046
0.785398 640 480 25.9808 0 15 0.866025 0 0.5 0 -1 0 109.146 240 -829.046
0.785398 640 480 21.6506 0 12.5 0.866025 0 0.5 0 -1 0 109.146 240 -829.046
0.785398 640 480 17.3205 0 10 0.866025 0 0.5 0 -1 0 109.146 240 -829.046
0.785398 640 480 12.9904 0 7.50003 0.866025 0 0.5 0 -1 0 109.146 240 -829.046
0.785398 640 480 8.66026 0 5.00003 0.866025 0 0.5 0 -1 0 109.146 240 -829.046
0.785398 640 480 4.33013 0 2.50003 0.866025 0 0.5 0 -1 0 109.146 240 -829.046
0.785398 640 480 7.62939e-006 0 3.00407e-005 0.866025 0 0.5 0 -1 0 109.146 240 -829.046
0.785398 640 480 -4.33012 0 -2.49997 0.866025 0 0.5 0 -1 0 109.146 240 -829.046
0.785398 640 480 -8.66025 0 -4.99997 0.866025 0 0.5 0 -1 0 109.146 240 -829.046
